137
138
138
138
138
138
138
138
138
138
138
138
138
138
138
138
138
138
137
137
137
137
137
137
137
137
137
137
130
130
130
130
130
130
130
130
130
130
130
130
130
130
130
130
130
130
130
130
130
130
130
130
130
135
135
135
135
135
135
137
137
137
137
137
138
138
138
138
138
138
149
149
149
149
149
156
156
166
166
166
166
166
166
175
175
185
185
185
185
185
185
185
185
185
185
191
191
191
191
191
191
198
198
198
198
204
204
204
204
204
204
213
213
213
213
213
221
221
221
221
221
221
229
229
229
229
229
229
229
229
236
236
236
236
236
243
243
243
243
243
243
243
243
243
243
243
243
243
243
243
243
243
243
243
243
243
236
236
236
236
236
236
236
236
236
236
236
236
236
236
236
236
236
236
243
243
243
243
243
243
243
243
243
243
243
243
243
243
243
243
243
243
243
243
243
243
242
242
242
242
242
242
242
242
242
242
242
242
242
242
242
242
243
243
243
243
243
243
243
243
243
243
243
243
243
243
243
243
243
243
243
243
243
243
243
243
243
243
243
243
243
243
243
243
243
243
243
243
243
243
243
243
242
242
242
242
242
243
243
243
243
243
243
236
236
236
236
236
236
236
236
236
236
236
236
236
235
235
235
235
235
235
235
235
235
235
235
235
235
235
235
235
235
235
235
235
235
235
235
235
235
235
235
235
235
235
235
235
235
235
235
235
235
228
228
228
228
228
228
228
228
228
228
228
228
228
228
228
228
228
228
228
229
229
229
229
229
229
229
229
229
229
229
229
229
229
229
229
229
229
229
229
229
229
229
229
229
229
229
229
229
229
229
229
229
229
229
229
229
229
229
229
229
229
229
229
229
229
229
229
229
229
229
229
229
229
229
229
229
229
229
229
229
229
229
229
229
229
229
229
229
229
229
229
229
229
229
229
229
229
229
229
229
229
229
229
229
229
229
229
229
225
225
225
225
225
225
225
225
225
225
225
229
229
229
229
229
229
229
229
229
229
229
229
229
229
229
229
229
229
229
229
229
229
229
229
229
229
229
229
229
229
229
229
229
229
229
229
229
229
229
229
229
229
229
229
229
229
229
229
229
229
229
229
229
229
229
229
229
229
229
229
229
229
229
229
229
229
229
229
229
229
229
229
229
229
229
229
229
229
229
229
229
229
229
229
229
229
229
229
229
229
229
229
229
229
229
229
229
229
229
229
229
229
229
229
229
229
229
229
229
229
229
229
229
229
229
229
229
229
229
229
229
229
229
229
229
229
229
229
229
229
229
229
229
229
229
229
229
229
229
229
229
229
229
229
229
229
229
229
229
229
229
229
229
229
229
229
229
229
229
229
229
229
229
229
229
229
229
229
229
229
229
225
225
225
225
225
229
229
229
229
229
225
225
225
225
225
225
229
229
229
229
229
229
229
229
229
229
229
229
229
233
233
233
233
233
233
229
229
229
229
229
233
233
233
233
233
233
233
233
233
233
229
229
229
229
229
229
229
229
229
229
229
233
233
233
233
233
233
233
229
229
229
229
229
229
229
229
229
229
229
229
229
229
229
229
229
229
229
229
229
229
229
229
229
229
229
229
229
229
229
229
229
229
229
229
229
229
233
233
233
233
233
233
234
234
233
233
233
233
233
233
233
233
233
233
233
233
233
233
233
233
243
243
243
243
243
243
243
243
243
243
243
243
243
243
243
243
237
237
237
237
237
237
237
237
237
237
237
237
237
237
237
237
237
237
237
237
237
237
237
237
237
237
237
237
237
237
241
241
241
241
243
243
243
243
243
243
243
243
243
243
243
249
249
249
249
249
249
249
249
249
249
249
249
243
243
243
243
243
243
236
236
236
236
236
236
236
236
236
236
236
236
236
236
236
236
247
247
247
247
247
251
251
251
251
251
273
273
273
273
273
273
263
263
263
263
263
263
263
281
321
321
321
321
321
326
326
326
326
326
326
340
340
340
340
340
361
361
361
361
361
361
374
374
374
374
374
374
374
374
374
374
384
384
384
384
384
384
392
392
392
392
392
412
412
412
412
412
412
412
412
420
420
420
420
420
420
420
420
420
420
420
411
411
411
411
411
411
420
420
420
420
420
403
403
406
406
406
406
406
392
392
392
392
392
401
401
401
427
427
427
427
427
427
376
376
376
376
376
376
361
361
361
361
361
348
348
348
348
348
348
355
355
355
355
355
334
334
334
334
334
334
336
336
336
336
336
336
336
336
321
290
290
290
290
290
326
326
326
326
326
267
267
267
267
267
267
255
255
255
255
249
249
249
249
249
233
233
233
233
233
233
228
228
228
228
228
211
211
211
211
211
211
211
198
197
197
197
197
197
197
197
197
197
197
170
170
170
170
170
162
162
162
162
162
162
154
154
154
154
154
147
147
147
147
147
138
138
138
138
138
130
130
130
130
130
130
130
130
128
126
126
126
126
126
126
126
126
126
126
113
113
113
113
113
103
103
103
103
103
101
101
101
101
101
93
93
93
93
93
95
95
95
95
95
91
91
91
91
91
84
84
84
84
84
86
86
86
91
91
91
91
91
112
112
112
112
103
103
103
103
103
103
91
91
91
91
91
86
86
86
86
86
84
84
84
84
86
86
86
86
86
86
86
86
86
86
86
86
86
86
86
86
86
86
82
82
82
82
82
84
84
84
84
84
95
95
95
95
95
95
94
94
94
94
91
91
91
91
91
114
114
114
114
114
114
114
114
114
114
94
94
94
94
94
94
94
94
94
94
94
94
94
94
94
94
94
94
94
94
94
94
112
112
112
112
118
118
118
131
131
131
131
158
158
158
158
158
143
143
143
143
143
143
143
143
143
143
143
143
143
143
184
184
184
184
184
184
184
184
184
184
184
184
184
184
184
184
184
184
184
184
228
228
228
228
228
228
255
255
255
255
255
271
271
271
271
271
271
271
271
271
321
321
321
321
321
326
326
326
326
326
345
345
345
345
345
345
349
349
349
349
349
349
353
353
353
353
353
370
370
370
370
370
370
384
384
384
384
384
412
412
412
412
412
412
420
420
420
418
418
427
427
427
427
427
429
429
429
429
429
435
435
435
435
435
435
439
439
439
439
439
443
443
443
443
443
443
446
446
446
446
446
452
452
452
452
447
447
447
447
447
454
454
454
454
454
454
454
454
454
454
454
452
452
452
452
452
447
447
447
447
447
447
447
447
447
447
447
447
447
447
447
447
447
454
454
454
454
454
454
447
447
447
447
447
447
447
447
447
447
447
447
447
447
447
447
447
447
447
447
447
447
447
447
447
447
447
447
447
454
454
454
454
454
454
447
447
447
447
447
447
447
447
447
447
447
447
447
447
447
447
447
447
447
447
447
447
447
447
447
447
447
447
447
447
447
454
454
454
454
454
454
454
454
454
454
454
454
454
454
454
454
454
454
454
454
454
447
447
447
447
446
446
446
446
446
447
447
447
447
447
452
452
452
452
452
452
462
462
462
462
462
462
462
462
462
462
462
447
447
447
447
447
460
460
460
460
460
464
464
464
464
464
464
464
464
538
474
474
474
474
474
474
473
473
473
473
473
471
471
471
471
471
464
464
464
464
464
464
475
475
475
475
475
475
527
527
527
527
527
456
456
456
456
456
456
454
454
454
454
454
454
454
454
447
447
447
447
447
454
454
454
454
454
454
454
454
454
454
454
454
454
454
454
454
454
455
455
455
455
455
455
455
455
455
455
455
455
455
455
455
455
455
455
455
462
462
462
462
462
462
462
462
462
462
462
455
455
455
455
455
455
455
455
455
455
455
455
455
455
455
455
455
455
455
463
463
463
463
463
463
455
455
455
455
455
455
455
455
455
455
455
455
455
455
455
455
455
455
455
455
455
455
455
455
455
455
455
455
455
462
462
462
462
462
462
455
455
455
455
455
455
455
455
455
455
455
455
455
455
455
455
455
455
455
454
454
454
454
454
454
455
455
455
455
455
455
455
455
455
455
455
455
455
455
455
455
455
455
455
455
455
455
455
455
455
455
455
455
455
455
455
455
455
455
455
455
455
455
455
455
455
455
455
454
454
454
454
454
455
455
455
455
455
454
454
454
454
454
454
454
454
454
454
454
454
459
459
459
459
459
454
454
454
454
454
454
454
454
454
454
454
454
454
454
454
454
454
454
454
454
454
454
454
454
454
454
454
454
454
454
454
454
454
454
454
454
454
454
454
454
454
454
454
454
454
454
454
454
454
454
454
454
454
454
454
454
454
454
454
454
454
454
454
454
454
454
455
455
455
455
455
454
454
454
454
454
454
454
454
454
454
454
454
454
454
454
454
454
454
454
454
454
454
454
454
454
454
454
454
454
454
454
454
454
454
454
454
454
454
454
454
454
454
454
454
454
454
454
454
454
454
454
454
454
454
454
454
454
454
454
454
454
454
454
454
454
454
454
454
454
454
454
454
454
454
454
454
454
454
454
454
454
447
447
447
447
447
447
447
447
447
447
447
454
454
454
454
454
454
454
454
454
454
454
454
454
454
454
454
454
454
454
454
454
454
454
454
454
454
454
454
454
454
447
447
447
447
447
447
454
454
454
454
454
454
454
454
454
454
454
454
454
454
454
454
454
454
454
454
454
447
447
447
447
447
447
447
447
447
454
454
454
454
454
454
454
454
454
454
454
447
447
447
447
447
447
447
447
447
447
447
447
447
447
447
447
447
447
447
447
447
447
447
447
447
447
447
454
454
454
454
454
454
447
447
447
447
447
447
447
447
447
447
447
447
447
447
447
447
447
447
447
447
447
447
447
447
447
447
447
454
454
454
454
454
454
454
454
454
454
447
447
447
454
454
454
454
454
447
447
447
447
447
447
447
447
447
447
447
454
454
454
454
454
454
454
454
454
454
454
454
454
454
454
454
454
454
454
454
454
454
454
454
454
454
454
454
454
454
454
454
454
454
454
454
454
454
454
454
454
454
454
454
454
454
454
454
454
454
454
454
454
454
447
447
447
447
447
447
447
447
447
447
454
454
454
454
454
454
454
454
454
454
454
454
454
454
454
454
454
454
454
454
454
454
454
454
454
454
454
454
454
454
447
447
447
447
447
447
454
454
454
454
454
454
454
454
454
454
454
454
454
454
454
454
454
454
454
454
454
454
454
454
454
454
454
454
454
454
454
454
454
454
454
454
454
454
454
454
454
454
454
454
454
454
454
454
454
454
454
454
454
454
454
454
454
454
454
454
454
454
454
454
454
454
454
454
454
454
454
454
454
454
454
454
454
454
454
454
454
454
454
454
454
454
454
454
454
454
454
454
454
454
454
454
454
454
454
454
454
454
454
454
454
454
454
454
454
454
454
454
454
454
454
454
454
454
454
454
454
454
454
454
454
454
454
454
454
454
454
455
455
455
455
455
455
454
454
454
454
454
454
454
454
454
454
454
454
454
454
454
454
454
454
454
454
454
454
454
454
447
447
447
447
447
455
455
455
455
455
455
454
454
454
454
454
454
454
454
454
454
454
454
454
454
454
454
454
454
454
454
454
454
454
454
454
454
454
454
454
454
454
454
454
454
454
454
454
454
454
454
454
454
454
454
454
454
454
454
454
454
454
454
454
454
454
454
454
447
447
447
447
447
454
454
454
454
454
454
454
454
454
454
454
454
454
454
454
454
454
454
454
454
454
454
454
454
447
447
447
447
447
447
455
455
455
455
455
454
454
454
454
454
454
454
454
454
454
454
454
454
454
454
454
454
454
454
454
454
454
454
454
454
454
454
454
454
454
454
454
454
454
454
454
454
454
454
454
454
454
454
454
454
454
454
454
454
454
454
454
454
454
454
454
454
454
455
455
455
455
455
455
455
455
455
455
455
462
462
462
462
462
455
455
462
462
462
462
462
467
467
467
467
467
467
471
471
471
471
471
471
454
454
454
454
448
448
448
448
448
448
439
439
439
439
439
454
454
454
454
454
454
437
437
437
437
437
436
436
436
436
436
456
456
456
456
456
456
559
559
559
401
401
401
401
401
364
364
364
364
364
362
362
362
362
362
362
361
361
361
361
361
372
372
372
372
372
372
403
403
403
403
403
403
403
403
403
403
403
403
403
403
403
403
403
403
403
403
403
403
403
403
403
403
403
403
403
403
403
403
706
706
706
706
706
706
582
582
582
582
582
326
326
326
326
326
321
321
321
321
321
321
582
582
582
582
582
582
582
582
326
326
326
326
326
326
574
574
574
574
574
326
326
326
326
326
326
326
326
326
326
326
326
326
326
326
326
326
326
326
326
326
324
324
324
324
324
294
294
294
294
294
326
326
326
326
326
326
